
 generation best average standard 

   Generation#         Best_fitness       Ava_fitness 
  
    1,                   28883.822,                  17249.357,    
  
    2,                   28883.822,                  20363.270,    
  
    3,                   28986.956,                  21389.293,    
  
    4,                   29435.950,                  22606.762,    
  
    5,                   29435.950,                  24191.801,    
  
    6,                   29441.770,                  23234.598,    
  
    7,                   29856.970,                  23262.286,    
  
    8,                   29856.970,                  24015.885,    
  
    9,                   29894.800,                  24064.312,    
  
   10,                   29896.880,                  24749.324,    
  
   11,                   29896.880,                  24938.004,    
  
   12,                   29896.880,                  24302.503,    
  
   13,                   29896.880,                  23952.909,    
  
   14,                   29896.880,                  25488.937,    
  
   15,                   29896.880,                  25879.725,    
  
   16,                   29896.880,                  26615.720,    
  
   17,                   29896.880,                  25882.493,    
  
   18,                   29896.880,                  24997.795,    
  
   19,                   29896.880,                  25228.757,    
  
   20,                   29896.880,                  25481.941,    
  
   21,                   29896.880,                  25237.003,    
  
   22,                   29896.900,                  25869.372,    
  
   23,                   29897.920,                  25853.881,    
  
   24,                   29897.920,                  25446.124,    
  
   25,                   29897.920,                  24544.212,    
  
   26,                   29897.920,                  24608.060,    
  
   27,                   29897.920,                  25036.179,    
  
   28,                   29897.920,                  25785.395,    
  
   29,                   29897.920,                  26116.205,    
  
   30,                   29897.920,                  25786.408,    
  
   31,                   29897.920,                  26015.995,    
  
   32,                   29897.920,                  25673.797,    
  
   33,                   29897.920,                  25077.832,    
  
   34,                   29897.920,                  25636.104,    
  
   35,                   29897.920,                  25321.633,    
  
   36,                   29897.920,                  26065.843,    
  
   37,                   29898.200,                  25556.606,    
  
   38,                   29898.200,                  25853.712,    
  
   39,                   29899.580,                  25541.503,    
  
   40,                   29899.580,                  25363.855,    
  
   41,                   29899.580,                  24811.731,    
  
   42,                   29899.900,                  24373.560,    
  
   43,                   29899.900,                  26213.440,    
  
   44,                   29899.900,                  25955.786,    
  
   45,                   29899.900,                  26574.705,    
  
   46,                   29899.900,                  26138.538,    
  
   47,                   29899.900,                  26442.763,    
  
   48,                   29899.900,                  25965.004,    
  
   49,                   29899.900,                  27356.046,    
  
   50,                   29899.900,                  26543.345,    
  
   51,                   29899.900,                  27043.928,    
  
   52,                   29900.760,                  25888.507,    
  
   53,                   29900.760,                  26244.751,    
  
   54,                   29900.760,                  26118.311,    
  
   55,                   29900.760,                  25915.103,    
  
   56,                   29900.760,                  26896.407,    
  
   57,                   29900.760,                  26787.009,    
  
   58,                   29900.760,                  26506.533,    
  
   59,                   29900.760,                  26281.364,    
  
   60,                   29900.760,                  26690.888,    
  
   61,                   29900.760,                  25544.312,    
  
   62,                   29900.760,                  25674.055,    
  
   63,                   29900.760,                  25425.719,    
  
   64,                   29900.760,                  24727.994,    
  
   65,                   29900.940,                  25340.467,    
  
   66,                   29900.940,                  26791.273,    
  
   67,                   29900.940,                  26520.202,    
  
   68,                   29900.940,                  27358.352,    
  
   69,                   29900.940,                  27500.697,    
  
   70,                   29900.940,                  27202.815,    
  
   71,                   29900.940,                  26479.403,    
  
   72,                   29900.940,                  27232.874,    
  
   73,                   29900.940,                  26607.330,    
  
   74,                   29900.940,                  26224.498,    
  
   75,                   29900.940,                  26025.050,    
  
   76,                   29900.940,                  26148.062,    
  
   77,                   29900.940,                  27103.573,    
  
   78,                   29900.940,                  27732.529,    
  
   79,                   29900.940,                  28013.250,    
  
   80,                   29900.940,                  27662.774,    
  
   81,                   29900.940,                  26776.303,    
  
   82,                   29900.940,                  27083.378,    
  
   83,                   29900.940,                  28258.178,    
  
   84,                   29900.940,                  27490.183,    
  
   85,                   29900.940,                  27443.703,    
  
   86,                   29900.940,                  27721.361,    
  
   87,                   29900.940,                  25725.245,    
  
   88,                   29900.940,                  25367.144,    
  
   89,                   29900.940,                  25919.799,    
  
   90,                   29900.940,                  25328.097,    
  
   91,                   29900.940,                  25148.222,    
  
   92,                   29900.940,                  25795.279,    
  
   93,                   29900.940,                  25541.849,    
  
   94,                   29900.940,                  26119.969,    
  
   95,                   29900.940,                  26655.075,    
  
   96,                   29900.940,                  26390.642,    
  
   97,                   29900.940,                  25303.257,    
  
   98,                   29900.940,                  27598.639,    
  
   99,                   29900.940,                  26648.677,    
  
  100,                   29900.940,                  27062.383,    
  
  101,                   29900.940,                  27144.018,    
  
  102,                   29900.940,                  27894.140,    
  
  103,                   29900.940,                  27670.603,    
  
  104,                   29900.940,                  26428.681,    
  
  105,                   29900.940,                  26605.193,    
  
  106,                   29900.940,                  26347.352,    
  
  107,                   29900.940,                  25814.908,    
  
  108,                   29900.940,                  26802.749,    
  
  109,                   29900.940,                  26890.370,    
  
  110,                   29900.940,                  25005.539,    
  
  111,                   29900.940,                  25337.379,    
  
  112,                   29900.940,                  25898.017,    
  
  113,                   29900.940,                  25506.047,    
  
  114,                   29900.940,                  26602.511,    
  
  115,                   29900.940,                  26829.976,    
  
  116,                   29900.940,                  27193.354,    
  
  117,                   29900.940,                  27477.477,    
  
  118,                   29900.940,                  26869.177,    
  
  119,                   29900.940,                  27347.365,    
  
  120,                   29900.940,                  27540.866,    
  
  121,                   29900.940,                  27387.469,    
  
  122,                   29900.940,                  27202.238,    
  
  123,                   29900.940,                  27288.055,    
  
  124,                   29900.940,                  27123.714,    
  
  125,                   29900.940,                  26594.911,    
  
  126,                   29900.940,                  26466.927,    
  
  127,                   29900.940,                  26882.482,    
  
  128,                   29900.940,                  25672.471,    
  
  129,                   29900.940,                  24415.129,    
  
  130,                   29900.940,                  25491.495,    
  
  131,                   29900.940,                  25211.884,    
  
  132,                   29900.940,                  24613.781,    
  
  133,                   29900.940,                  24296.390,    
  
  134,                   29900.940,                  23991.467,    
  
  135,                   29900.940,                  23771.973,    
  
  136,                   29900.940,                  23317.754,    
  
  137,                   29900.940,                  24103.288,    
  
  138,                   29900.940,                  25579.349,    
  
  139,                   29900.940,                  26242.916,    
  
  140,                   29900.940,                  26181.788,    
  
  141,                   29900.940,                  26536.243,    
  
  142,                   29900.940,                  26456.430,    
  
  143,                   29900.940,                  25819.856,    
  
  144,                   29900.940,                  25031.813,    
  
  145,                   29900.940,                  26414.555,    
  
  146,                   29900.940,                  25727.466,    
  
  147,                   29901.220,                  25937.848,    
  
  148,                   29901.220,                  25884.158,    
  
  149,                   29901.220,                  26370.918,    
  
  150,                   29901.220,                  25783.110,    
  
  151,                   29901.220,                  26422.922,    
  
  152,                   29901.220,                  26134.182,    
  
  153,                   29901.220,                  25731.875,    
  
  154,                   29901.220,                  23563.072,    
  
  155,                   29901.220,                  24978.586,    
  
  156,                   29901.220,                  25560.731,    
  
  157,                   29901.220,                  25529.150,    
  
  158,                   29901.220,                  26209.116,    
  
  159,                   29901.220,                  26400.481,    
  
  160,                   29901.220,                  26366.855,    
  
  161,                   29901.220,                  25319.992,    
  
  162,                   29901.220,                  24597.937,    
  
  163,                   29901.220,                  24877.112,    
  
  164,                   29901.220,                  25354.764,    
  
  165,                   29901.220,                  25770.381,    
  
  166,                   29901.220,                  25326.238,    
  
  167,                   29901.220,                  25765.142,    
  
  168,                   29901.220,                  26058.446,    
  
  169,                   29901.220,                  25512.989,    
  
  170,                   29901.220,                  24121.605,    
  
  171,                   29901.220,                  25725.840,    
  
  172,                   29901.220,                  25562.226,    
  
  173,                   29901.220,                  26836.576,    
  
  174,                   29901.220,                  25286.466,    
  
  175,                   29901.220,                  24610.231,    
  
  176,                   29901.220,                  26073.499,    
  
  177,                   29901.220,                  26457.729,    
  
  178,                   29901.220,                  26000.560,    
  
  179,                   29901.220,                  25647.946,    
  
  180,                   29901.220,                  23064.388,    
  
  181,                   29901.220,                  24896.612,    
  
  182,                   29901.220,                  24596.988,    
  
  183,                   29901.220,                  24867.164,    
  
  184,                   29901.220,                  26274.425,    
  
  185,                   29901.220,                  27060.474,    
  
  186,                   29901.220,                  26900.856,    
  
  187,                   29901.220,                  26562.896,    
  
  188,                   29901.220,                  27433.640,    
  
  189,                   29901.220,                  26916.421,    
  
  190,                   29901.220,                  28012.702,    
  
  191,                   29901.220,                  27426.038,    
  
  192,                   29901.220,                  26828.244,    
  
  193,                   29901.220,                  26790.708,    
  
  194,                   29901.220,                  26027.744,    
  
  195,                   29901.220,                  25456.184,    
  
  196,                   29901.220,                  26596.375,    
  
  197,                   29901.220,                  25773.218,    
  
  198,                   29901.220,                  25506.243,    
  
  199,                   29901.220,                  26107.907,    
  
  200,                   29901.220,                  26804.257,    
  
  201,                   29901.220,                  26614.513,    
  
  202,                   29901.220,                  26816.685,    
  
  203,                   29901.220,                  26488.492,    
  
  204,                   29901.220,                  26847.816,    
  
  205,                   29901.220,                  27176.732,    
  
  206,                   29901.220,                  26877.359,    
  
  207,                   29901.220,                  26670.728,    
  
  208,                   29901.220,                  27289.355,    
  
  209,                   29901.220,                  26553.349,    
  
  210,                   29901.220,                  26526.141,    
  
  211,                   29901.220,                  25967.077,    
  
  212,                   29932.068,                  26145.959,    
  
  213,                   29932.068,                  25633.554,    
  
  214,                   29932.068,                  25435.208,    
  
  215,                   29932.068,                  24774.063,    
  
  216,                   29932.868,                  24880.457,    
  
  217,                   29932.868,                  26101.088,    
  
  218,                   29932.868,                  26224.211,    
  
  219,                   29932.868,                  24868.894,    
  
  220,                   29932.868,                  25141.781,    
  
  221,                   29935.908,                  24086.587,    
  
  222,                   29936.028,                  24888.575,    
  
  223,                   29936.028,                  24824.927,    
  
  224,                   29936.028,                  25044.409,    
  
  225,                   29936.028,                  25854.774,    
  
  226,                   29936.028,                  26205.376,    
  
  227,                   29936.028,                  26321.254,    
  
  228,                   29997.384,                  26356.501,    
  
  229,                   29997.564,                  26280.522,    
  
  230,                   30005.904,                  26085.003,    
  
  231,                   30005.904,                  24701.599,    
  
  232,                   30005.904,                  25939.647,    
  
  233,                   30005.904,                  26024.983,    
  
  234,                   30005.904,                  26262.300,    
  
  235,                   30005.904,                  25528.668,    
  
  236,                   30005.904,                  25709.467,    
  
  237,                   30005.904,                  25534.712,    
  
  238,                   30005.944,                  25319.253,    
  
  239,                   30005.944,                  25539.332,    
  
  240,                   30005.944,                  25091.366,    
  
  241,                   30005.944,                  25480.510,    
  
  242,                   30005.944,                  25999.281,    
  
  243,                   30005.944,                  26854.002,    
  
  244,                   30005.944,                  27247.893,    
  
  245,                   30005.944,                  26582.822,    
  
  246,                   30005.944,                  27448.347,    
  
  247,                   30005.944,                  26636.446,    
  
  248,                   30005.944,                  26613.193,    
  
  249,                   30005.944,                  26295.257,    
  
  250,                   30005.944,                  25602.164,    
  
  251,                   30005.944,                  25205.926,    
  
  252,                   30005.944,                  25509.454,    
  
  253,                   30005.944,                  26365.764,    
  
  254,                   30005.944,                  24882.152,    
  
  255,                   30005.944,                  26146.560,    
  
  256,                   30005.944,                  25651.311,    
  
  257,                   30005.944,                  26166.889,    
  
  258,                   30005.944,                  26889.039,    
  
  259,                   30005.944,                  26600.431,    
  
  260,                   30005.944,                  25829.735,    
  
  261,                   30005.944,                  26786.112,    
  
  262,                   30005.944,                  27226.078,    
  
  263,                   30005.944,                  25251.073,    
  
  264,                   30005.944,                  25987.277,    
  
  265,                   30005.944,                  25764.753,    
  
  266,                   30005.944,                  26775.767,    
  
  267,                   30005.944,                  26646.534,    
  
  268,                   30005.944,                  26222.508,    
  
  269,                   30005.944,                  27290.019,    
  
  270,                   30005.944,                  26604.239,    
  
  271,                   30005.944,                  27498.304,    
  
  272,                   30005.944,                  27331.848,    
  
  273,                   30005.944,                  25963.639,    
  
  274,                   30005.944,                  26658.603,    
  
  275,                   30005.944,                  27482.133,    
  
  276,                   30005.944,                  28111.967,    
  
  277,                   30005.944,                  28528.775,    
  
  278,                   30005.944,                  27413.361,    
  
  279,                   30005.944,                  28113.272,    
  
  280,                   30005.944,                  27213.019,    
  
  281,                   30005.944,                  27730.529,    
  
  282,                   30005.944,                  26661.013,    
  
  283,                   30005.944,                  27321.735,    
  
  284,                   30005.944,                  27181.986,    
  
  285,                   30005.944,                  27178.402,    
  
  286,                   30005.944,                  26683.999,    
  
  287,                   30005.944,                  25649.139,    
  
  288,                   30005.944,                  26095.064,    
  
  289,                   30005.944,                  25095.142,    
  
  290,                   30005.944,                  25775.902,    
  
  291,                   30005.944,                  26106.019,    
  
  292,                   30005.944,                  25532.825,    
  
  293,                   30005.944,                  25538.132,    
  
  294,                   30005.944,                  25374.748,    
  
  295,                   30005.944,                  25793.925,    
  
  296,                   30005.944,                  25825.258,    
  
  297,                   30005.944,                  25247.589,    
  
  298,                   30005.944,                  25838.856,    
  
  299,                   30005.944,                  25816.885,    
  
  300,                   30005.944,                  25855.132,    
  
  301,                   30005.944,                  27029.169,    
  
  302,                   30005.944,                  25864.607,    
  
  303,                   30005.944,                  26527.022,    
  
  304,                   30005.944,                  25710.214,    
  
  305,                   30005.944,                  26049.083,    
  
  306,                   30005.944,                  25439.482,    
  
  307,                   30005.944,                  26451.464,    
  
  308,                   30005.944,                  26975.389,    
  
  309,                   30005.964,                  25895.322,    
  
  310,                   30005.964,                  25403.258,    
  
  311,                   30005.964,                  26196.480,    
  
  312,                   30005.964,                  26206.598,    
  
  313,                   30005.964,                  26444.118,    
  
  314,                   30005.964,                  26994.867,    
  
  315,                   30005.964,                  27657.019,    
  
  316,                   30005.964,                  27021.673,    
  
  317,                   30005.964,                  27398.223,    
  
  318,                   30005.964,                  27542.532,    
  
  319,                   30005.964,                  26010.543,    
  
  320,                   30005.964,                  25661.748,    
  
  321,                   30005.964,                  26664.553,    
  
  322,                   30005.964,                  27221.114,    
  
  323,                   30005.964,                  26471.438,    
  
  324,                   30005.964,                  26284.369,    
  
  325,                   30005.964,                  26714.711,    
  
  326,                   30005.964,                  27015.969,    
  
  327,                   30005.964,                  26756.563,    
  
  328,                   30005.964,                  26328.129,    
  
  329,                   30005.964,                  25945.045,    
  
  330,                   30005.964,                  26067.342,    
  
  331,                   30005.964,                  26479.042,    
  
  332,                   30005.964,                  25400.131,    
  
  333,                   30005.964,                  27077.167,    
  
  334,                   30005.964,                  26286.384,    
  
  335,                   30005.964,                  26858.008,    
  
  336,                   30005.964,                  26228.451,    
  
  337,                   30005.964,                  25242.722,    
  
  338,                   30005.964,                  27018.890,    
  
  339,                   30005.964,                  27149.308,    
  
  340,                   30005.964,                  27097.717,    
  
  341,                   30005.964,                  26457.675,    
  
  342,                   30005.964,                  26285.451,    
  
  343,                   30005.964,                  25716.285,    
  
  344,                   30005.964,                  26158.904,    
  
  345,                   30005.964,                  26730.448,    
  
  346,                   30005.964,                  26346.168,    
  
  347,                   30005.964,                  25443.432,    
  
  348,                   30005.964,                  26300.344,    
  
  349,                   30005.964,                  24791.722,    
  
  350,                   30005.964,                  24360.830,    
  
  351,                   30005.964,                  23143.273,    
  
  352,                   30005.964,                  24542.103,    
  
  353,                   30005.964,                  24969.701,    
  
  354,                   30005.964,                  24652.237,    
  
  355,                   30005.964,                  23581.786,    
  
  356,                   30005.964,                  23777.833,    
  
  357,                   30005.964,                  23277.036,    
  
  358,                   30005.964,                  23561.014,    
  
  359,                   30005.964,                  24936.573,    
  
  360,                   30005.964,                  24508.591,    
  
  361,                   30005.964,                  23574.680,    
  
  362,                   30005.964,                  23997.662,    
  
  363,                   30005.964,                  25207.501,    
  
  364,                   30005.964,                  23781.773,    
  
  365,                   30005.964,                  25524.085,    
  
  366,                   30005.964,                  25563.381,    
  
  367,                   30005.964,                  24637.558,    
  
  368,                   30005.964,                  24078.414,    
  
  369,                   30005.964,                  25776.570,    
  
  370,                   30005.964,                  26367.031,    
  
  371,                   30005.964,                  26898.536,    
  
  372,                   30005.964,                  26131.701,    
  
  373,                   30005.964,                  27084.929,    
  
  374,                   30005.964,                  25969.223,    
  
  375,                   30005.964,                  25606.927,    
  
  376,                   30005.964,                  24865.268,    
  
  377,                   30005.964,                  25495.485,    
  
  378,                   30005.964,                  25198.840,    
  
  379,                   30005.964,                  25983.223,    
  
  380,                   30005.964,                  25146.666,    
  
  381,                   30005.964,                  25785.101,    
  
  382,                   30005.964,                  26134.093,    
  
  383,                   30005.964,                  26706.649,    
  
  384,                   30005.964,                  26063.029,    
  
  385,                   30005.964,                  25271.113,    
  
  386,                   30005.964,                  25919.446,    
  
  387,                   30005.964,                  26570.048,    
  
  388,                   30005.964,                  25432.583,    
  
  389,                   30005.964,                  25194.902,    
  
  390,                   30005.964,                  24531.390,    
  
  391,                   30005.964,                  25435.253,    
  
  392,                   30005.964,                  23249.634,    
  
  393,                   30005.964,                  24083.389,    
  
  394,                   30005.964,                  25193.036,    
  
  395,                   30005.964,                  25782.323,    
  
  396,                   30005.964,                  25578.470,    
  
  397,                   30005.964,                  26298.873,    
  
  398,                   30005.964,                  26045.264,    
  
  399,                   30005.964,                  25622.716,    
  
  400,                   30005.964,                  25451.855,    
  
  401,                   30005.964,                  25905.794,    
  
  402,                   30005.964,                  26284.549,    
  
  403,                   30005.964,                  25490.304,    
  
  404,                   30005.964,                  26414.112,    
  
  405,                   30005.964,                  27358.113,    
  
  406,                   30005.964,                  27065.502,    
  
  407,                   30005.964,                  26438.504,    
  
  408,                   30005.964,                  27121.204,    
  
  409,                   30005.964,                  27965.969,    
  
  410,                   30005.964,                  27064.649,    
  
  411,                   30005.964,                  26121.172,    
  
  412,                   30005.964,                  28459.950,    
  
  413,                   30005.964,                  29077.034,    
  
  414,                   30005.964,                  28589.116,    
  
  415,                   30005.964,                  27907.287,    
  
  416,                   30005.964,                  26863.594,    
  
  417,                   30005.964,                  25392.482,    
  
  418,                   30005.964,                  26418.679,    
  
  419,                   30005.964,                  26370.206,    
  
  420,                   30005.964,                  26385.834,    
  
  421,                   30005.964,                  25923.543,    
  
  422,                   30005.964,                  24222.558,    
  
  423,                   30005.964,                  25027.564,    
  
  424,                   30005.964,                  24240.292,    
  
  425,                   30005.964,                  23387.466,    
  
  426,                   30005.964,                  24638.796,    
  
  427,                   30005.964,                  23710.103,    
  
  428,                   30005.964,                  24087.875,    
  
  429,                   30005.964,                  24775.058,    
  
  430,                   30005.964,                  26105.479,    
  
  431,                   30005.964,                  25959.375,    
  
  432,                   30005.964,                  24959.454,    
  
  433,                   30005.964,                  26871.956,    
  
  434,                   30005.964,                  27254.019,    
  
  435,                   30005.964,                  27170.040,    
  
  436,                   30005.964,                  26076.759,    
  
  437,                   30005.964,                  25793.514,    
  
  438,                   30005.964,                  25207.030,    
  
  439,                   30005.964,                  26341.432,    
  
  440,                   30005.964,                  24002.171,    
  
  441,                   30005.964,                  25908.628,    
  
  442,                   30005.964,                  25338.218,    
  
  443,                   30005.964,                  26218.803,    
  
  444,                   30005.964,                  27041.419,    
  
  445,                   30005.964,                  26007.088,    
  
  446,                   30005.964,                  26378.337,    
  
  447,                   30005.964,                  27041.573,    
  
  448,                   30005.964,                  27375.922,    
  
  449,                   30005.964,                  26109.286,    
  
  450,                   30005.964,                  26868.629,    
  
  451,                   30005.964,                  26609.166,    
  
  452,                   30005.964,                  26116.707,    
  
  453,                   30005.964,                  26343.821,    
  
  454,                   30005.964,                  25965.146,    
  
  455,                   30005.964,                  25531.454,    
  
  456,                   30005.964,                  25753.028,    
  
  457,                   30005.964,                  23631.217,    
  
  458,                   30005.964,                  24683.298,    
  
  459,                   30005.964,                  23315.046,    
  
  460,                   30005.964,                  24578.519,    
  
  461,                   30005.964,                  25511.044,    
  
  462,                   30005.964,                  26599.457,    
  
  463,                   30005.964,                  26277.491,    
  
  464,                   30005.964,                  26545.065,    
  
  465,                   30005.964,                  26243.675,    
  
  466,                   30005.964,                  27638.152,    
  
  467,                   30005.964,                  28315.007,    
  
  468,                   30005.964,                  27648.496,    
  
  469,                   30005.964,                  27340.921,    
  
  470,                   30005.964,                  25560.840,    
  
  471,                   30005.964,                  26574.298,    
  
  472,                   30005.964,                  26962.276,    
  
  473,                   30005.964,                  26982.768,    
  
  474,                   30005.964,                  26848.867,    
  
  475,                   30005.964,                  26438.646,    
  
  476,                   30005.964,                  26906.392,    
  
  477,                   30005.964,                  26116.431,    
  
  478,                   30005.964,                  26840.882,    
  
  479,                   30005.964,                  26880.048,    
  
  480,                   30005.964,                  26467.116,    
  
  481,                   30005.964,                  26857.523,    
  
  482,                   30005.964,                  26824.264,    
  
  483,                   30005.964,                  27396.211,    
  
  484,                   30005.964,                  28142.235,    
  
  485,                   30005.964,                  26960.598,    
  
  486,                   30005.964,                  27319.689,    
  
  487,                   30005.964,                  27436.881,    
  
  488,                   30005.964,                  28129.651,    
  
  489,                   30005.964,                  28328.954,    
  
  490,                   30005.964,                  27652.283,    
  
  491,                   30005.964,                  26065.492,    
  
  492,                   30005.964,                  26408.351,    
  
  493,                   30005.964,                  25040.331,    
  
  494,                   30005.964,                  26392.315,    
  
  495,                   30005.964,                  27276.298,    
  
  496,                   30005.964,                  27157.230,    
  
  497,                   30005.964,                  25610.561,    
  
  498,                   30005.964,                  26210.153,    
  
  499,                   30005.964,                  26402.666,    
  
  500,                   30005.964,                  26802.178,    


 simulation completed 

 best member: 

 X(1): =199.800
 X(2): =50.020
 X(3): =79.920

 Best fitness : =30005.964